SPEAKER         id       #SENT      #WORD       Corr        Sub        Ins        Del        Err      S.Err
c638            raw          1         16          5          8          0          3         11          1
c638            sys          1         16      31.25      50.00       0.00      18.75      68.75     100.00
c639            raw          1         18          4         10          0          4         14          1
c639            sys          1         18      22.22      55.56       0.00      22.22      77.78     100.00
c640            raw          1         16          7          9          2          0         11          1
c640            sys          1         16      43.75      56.25      12.50       0.00      68.75     100.00
c641            raw          1         12          1          8          0          3         11          1
c641            sys          1         12       8.33      66.67       0.00      25.00      91.67     100.00
c642            raw          1         12          2          8          0          2         10          1
c642            sys          1         12      16.67      66.67       0.00      16.67      83.33     100.00
c643            raw          1         15          3         12          0          0         12          1
c643            sys          1         15      20.00      80.00       0.00       0.00      80.00     100.00
c644            raw          1         17          1         14          0          2         16          1
c644            sys          1         17       5.88      82.35       0.00      11.76      94.12     100.00
c645            raw          1         14          5          8          0          1          9          1
c645            sys          1         14      35.71      57.14       0.00       7.14      64.29     100.00
c646            raw          1         13          4          8          1          1         10          1
c646            sys          1         13      30.77      61.54       7.69       7.69      76.92     100.00
c647            raw          1         10          2          8          0          0          8          1
c647            sys          1         10      20.00      80.00       0.00       0.00      80.00     100.00
c648            raw          1          9          4          5          1          0          6          1
c648            sys          1          9      44.44      55.56      11.11       0.00      66.67     100.00
c649            raw          1         11          4          7          3          0         10          1
c649            sys          1         11      36.36      63.64      27.27       0.00      90.91     100.00
c650            raw          1         15          1          8          0          6         14          1
c650            sys          1         15       6.67      53.33       0.00      40.00      93.33     100.00
c651            raw          1         12          4          7          1          1          9          1
c651            sys          1         12      33.33      58.33       8.33       8.33      75.00     100.00
c652            raw          1         14          3          8          1          3         12          1
c652            sys          1         14      21.43      57.14       7.14      21.43      85.71     100.00
c653            raw          1         14          3         11          0          0         11          1
c653            sys          1         14      21.43      78.57       0.00       0.00      78.57     100.00
c654            raw          1         14          0         13          0          1         14          1
c654            sys          1         14       0.00      92.86       0.00       7.14     100.00     100.00
c655            raw          1         11          2          6          0          3          9          1
c655            sys          1         11      18.18      54.55       0.00      27.27      81.82     100.00
c656            raw          1         16          3         10          0          3         13          1
c656            sys          1         16      18.75      62.50       0.00      18.75      81.25     100.00
c657            raw          1         12          6          4          0          2          6          1
c657            sys          1         12      50.00      33.33       0.00      16.67      50.00     100.00
c658            raw          1         10          1          7          0          2          9          1
c658            sys          1         10      10.00      70.00       0.00      20.00      90.00     100.00
c659            raw          1         17          6         11          1          0         12          1
c659            sys          1         17      35.29      64.71       5.88       0.00      70.59     100.00
c660            raw          1          8          4          3          1          1          5          1
c660            sys          1          8      50.00      37.50      12.50      12.50      62.50     100.00
c661            raw          1         10          2          8          2          0         10          1
c661            sys          1         10      20.00      80.00      20.00       0.00     100.00     100.00
c662            raw          1         10          1          9          1          0         10          1
c662            sys          1         10      10.00      90.00      10.00       0.00     100.00     100.00
c663            raw          1         14          4         10          2          0         12          1
c663            sys          1         14      28.57      71.43      14.29       0.00      85.71     100.00
c664            raw          1         17          3          9          0          5         14          1
c664            sys          1         17      17.65      52.94       0.00      29.41      82.35     100.00
c665            raw          1         11          5          5          0          1          6          1
c665            sys          1         11      45.45      45.45       0.00       9.09      54.55     100.00
c666            raw          1         12          5          6          0          1          7          1
c666            sys          1         12      41.67      50.00       0.00       8.33      58.33     100.00
c667            raw          1         11          1          5          0          5         10          1
c667            sys          1         11       9.09      45.45       0.00      45.45      90.91     100.00
c668            raw          1         16          3         11          0          2         13          1
c668            sys          1         16      18.75      68.75       0.00      12.50      81.25     100.00
c669            raw          1         11          2          6          0          3          9          1
c669            sys          1         11      18.18      54.55       0.00      27.27      81.82     100.00
c670            raw          1         11          2          7          0          2          9          1
c670            sys          1         11      18.18      63.64       0.00      18.18      81.82     100.00
c671            raw          1         20          6         13          0          1         14          1
c671            sys          1         20      30.00      65.00       0.00       5.00      70.00     100.00
c672            raw          1         12          1         11          2          0         13          1
c672            sys          1         12       8.33      91.67      16.67       0.00     108.33     100.00
c673            raw          1         10          3          7          2          0          9          1
c673            sys          1         10      30.00      70.00      20.00       0.00      90.00     100.00
c674            raw          1         15          4          9          0          2         11          1
c674            sys          1         15      26.67      60.00       0.00      13.33      73.33     100.00
c675            raw          1         12          2          8          0          2         10          1
c675            sys          1         12      16.67      66.67       0.00      16.67      83.33     100.00
c676            raw          1         14          8          4          0          2          6          1
c676            sys          1         14      57.14      28.57       0.00      14.29      42.86     100.00
c677            raw          1         17         10          5          0          2          7          1
c677            sys          1         17      58.82      29.41       0.00      11.76      41.18     100.00
c678            raw          1         16          7          9          2          0         11          1
c678            sys          1         16      43.75      56.25      12.50       0.00      68.75     100.00
c679            raw          1         11          4          6          0          1          7          1
c679            sys          1         11      36.36      54.55       0.00       9.09      63.64     100.00
c680            raw          1         15          5         10          0          0         10          1
c680            sys          1         15      33.33      66.67       0.00       0.00      66.67     100.00
c681            raw          1         16          6          7          0          3         10          1
c681            sys          1         16      37.50      43.75       0.00      18.75      62.50     100.00
c682            raw          1         16          4         10          0          2         12          1
c682            sys          1         16      25.00      62.50       0.00      12.50      75.00     100.00
c683            raw          1         15          6          8          0          1          9          1
c683            sys          1         15      40.00      53.33       0.00       6.67      60.00     100.00
c684            raw          1         14          1         11          0          2         13          1
c684            sys          1         14       7.14      78.57       0.00      14.29      92.86     100.00
c685            raw          1         12          2          8          0          2         10          1
c685            sys          1         12      16.67      66.67       0.00      16.67      83.33     100.00
c686            raw          1         12          3          8          1          1         10          1
c686            sys          1         12      25.00      66.67       8.33       8.33      83.33     100.00
c687            raw          1         18          4         11          0          3         14          1
c687            sys          1         18      22.22      61.11       0.00      16.67      77.78     100.00
c688            raw          1         19          6         13          0          0         13          1
c688            sys          1         19      31.58      68.42       0.00       0.00      68.42     100.00
c689            raw          1         16          2         10          0          4         14          1
c689            sys          1         16      12.50      62.50       0.00      25.00      87.50     100.00
c690            raw          1         10          2          4          0          4          8          1
c690            sys          1         10      20.00      40.00       0.00      40.00      80.00     100.00
c691            raw          1         15          5         10          1          0         11          1
c691            sys          1         15      33.33      66.67       6.67       0.00      73.33     100.00
c692            raw          1         16          7          7          0          2          9          1
c692            sys          1         16      43.75      43.75       0.00      12.50      56.25     100.00
c693            raw          1         15          6          6          0          3          9          1
c693            sys          1         15      40.00      40.00       0.00      20.00      60.00     100.00
c694            raw          1         16          7          7          0          2          9          1
c694            sys          1         16      43.75      43.75       0.00      12.50      56.25     100.00
c695            raw          1         16          5          8          0          3         11          1
c695            sys          1         16      31.25      50.00       0.00      18.75      68.75     100.00
c696            raw          1         14          6          8          2          0         10          1
c696            sys          1         14      42.86      57.14      14.29       0.00      71.43     100.00
c697            raw          1         11          7          3          0          1          4          1
c697            sys          1         11      63.64      27.27       0.00       9.09      36.36     100.00
c698            raw          1         10          5          5          2          0          7          1
c698            sys          1         10      50.00      50.00      20.00       0.00      70.00     100.00
c699            raw          1         16          4         11          0          1         12          1
c699            sys          1         16      25.00      68.75       0.00       6.25      75.00     100.00
c700            raw          1         14          2         10          0          2         12          1
c700            sys          1         14      14.29      71.43       0.00      14.29      85.71     100.00
c701            raw          1         15          7          8          2          0         10          1
c701            sys          1         15      46.67      53.33      13.33       0.00      66.67     100.00
c702            raw          1         12          3          8          1          1         10          1
c702            sys          1         12      25.00      66.67       8.33       8.33      83.33     100.00
c703            raw          1         11          5          5          1          1          7          1
c703            sys          1         11      45.45      45.45       9.09       9.09      63.64     100.00
c704            raw          1         11          4          7          1          0          8          1
c704            sys          1         11      36.36      63.64       9.09       0.00      72.73     100.00
c705            raw          1         11          7          3          1          1          5          1
c705            sys          1         11      63.64      27.27       9.09       9.09      45.45     100.00
c706            raw          1          9          4          5          1          0          6          1
c706            sys          1          9      44.44      55.56      11.11       0.00      66.67     100.00
c707            raw          1         12          3          6          0          3          9          1
c707            sys          1         12      25.00      50.00       0.00      25.00      75.00     100.00
c708            raw          1         14          8          6          3          0          9          1
c708            sys          1         14      57.14      42.86      21.43       0.00      64.29     100.00
SUM             raw         71        957        284        564         38        109        711         71
SUM             sys         71        957      29.68      58.93       3.97      11.39      74.29     100.00
